NO+_46
       150.0000       158.3799       158.3930
       151.0000       159.4293       159.4430
       152.0000       160.4787       160.4930
       153.0000       161.5281       161.5420
       154.0000       162.5775       162.5920
       155.0000       163.6269       163.6420
       156.0000       164.6763       164.6910
       157.0000       165.7257       165.7410
       158.0000       166.7750       166.7910
       159.0000       167.8244       167.8400
       160.0000       168.8738       168.8900
       161.0000       169.9232       169.9400
       162.0000       170.9726       170.9890
       163.0000       172.0220       172.0390
       164.0000       173.0714       173.0880
       165.0000       174.1208       174.1380
       166.0000       175.1702       175.1870
       167.0000       176.2196       176.2370
       168.0000       177.2690       177.2860
       169.0000       178.3184       178.3360
       170.0000       179.3677       179.3850
       171.0000       180.4171       180.4350
       172.0000       181.4665       181.4850
       173.0000       182.5159       182.5340
       174.0000       183.5653       183.5840
       175.0000       184.6147       184.6330
       176.0000       185.6641       185.6830
       177.0000       186.7135       186.7330
       178.0000       187.7629       187.7820
       179.0000       188.8123       188.8320
       180.0000       189.8617       189.8820
       181.0000       190.9111       190.9310
       182.0000       191.9604       191.9810
       183.0000       193.0098       193.0310
       184.0000       194.0592       194.0800
       185.0000       195.1086       195.1300
       186.0000       196.1580       196.1800
       187.0000       197.2074       197.2300
       188.0000       198.2568       198.2800
       189.0000       199.3062       199.3300
       190.0000       200.3556       200.3800
       191.0000       201.4050       201.4290
       192.0000       202.4544       202.4790
       193.0000       203.5038       203.5290
       194.0000       204.5531       204.5790
       195.0000       205.6025       205.6290
       196.0000       206.6519       206.6790
       197.0000       207.7013       207.7290
       198.0000       208.7507       208.7790
       199.0000       209.8001       209.8290
       200.0000       210.8495       210.8790
       201.0000       211.8989       211.9290
       202.0000       212.9483       212.9800
       203.0000       213.9977       214.0300
       204.0000       215.0471       215.0800
       205.0000       216.0965       216.1300
       206.0000       217.1458       217.1800
       207.0000       218.1952       218.2300
       208.0000       219.2446       219.2800
       209.0000       220.2940       220.3300
       210.0000       221.3434       221.3800
       211.0000       222.3928       222.4300
       212.0000       223.4422       223.4800
       213.0000       224.4916       224.5300
       214.0000       225.5410       225.5800
       215.0000       226.5904       226.6300
       216.0000       227.6398       227.6800
       217.0000       228.6892       228.7300
       218.0000       229.7385       229.7800
       219.0000       230.7879       230.8300
       220.0000       231.8373       231.8800
       221.0000       232.8867       232.9300
       222.0000       233.9361       233.9800
       223.0000       234.9855       235.0300
       224.0000       236.0349       236.0800
       225.0000       237.0843       237.1300
       226.0000       238.1342       238.1800
       227.0000       239.1842       239.2300
       228.0000       240.2341       240.2800
       229.0000       241.2841       241.3300
       230.0000       242.3340       242.3800
       231.0000       243.3840       243.4300
       232.0000       244.4339       244.4800
       233.0000       245.4839       245.5300
       234.0000       246.5338       246.5800
       235.0000       247.5837       247.6300
       236.0000       248.6337       248.6800
       237.0000       249.6836       249.7300
       238.0000       250.7336       250.7800
       239.0000       251.7835       251.8300
       240.0000       252.8335       252.8800
       241.0000       253.8834       253.9300
       242.0000       254.9334       254.9800
       243.0000       255.9833       256.0300
       244.0000       257.0333       257.0800
       245.0000       258.0832       258.1300
       246.0000       259.1331       259.1800
       247.0000       260.1831       260.2300
       248.0000       261.2330       261.2800
       249.0000       262.2830       262.3300
       250.0000       263.3329       263.3800
       251.0000       264.3829       264.4300
       252.0000       265.4328       265.4800
       253.0000       266.4828       266.5300
       254.0000       267.5327       267.5800
       255.0000       268.5827       268.6300
       256.0000       269.6326       269.6800
       257.0000       270.6825       270.7300
       258.0000       271.7325       271.7800
       259.0000       272.7824       272.8300
       260.0000       273.8324       273.8800
       261.0000       274.8823       274.9300
       262.0000       275.9323       275.9800
       263.0000       276.9822       277.0300
       264.0000       278.0322       278.0800
       265.0000       279.0821       279.1300
       266.0000       280.1321       280.1800
       267.0000       281.1820       281.2300
       268.0000       282.2319       282.2800
       269.0000       283.2819       283.3290
       270.0000       284.3318       284.3790
       271.0000       285.3818       285.4290
       272.0000       286.4317       286.4790
       273.0000       287.4817       287.5290
       274.0000       288.5316       288.5790
       275.0000       289.5816       289.6290
       276.0000       290.6315       290.6790
       277.0000       291.6815       291.7290
       278.0000       292.7314       292.7790
       279.0000       293.7813       293.8290
       280.0000       294.8313       294.8800
       281.0000       295.8812       295.9300
       282.0000       296.9312       296.9800
       283.0000       297.9811       298.0300
       284.0000       299.0311       299.0800
       285.0000       300.0810       300.1300
       286.0000       301.1310       301.1800
       287.0000       302.1809       302.2300
       288.0000       303.2309       303.2810
       289.0000       304.2808       304.3310
       290.0000       305.3307       305.3810
       291.0000       306.3807       306.4310
       292.0000       307.4306       307.4820
       293.0000       308.4806       308.5320
       294.0000       309.5305       309.5820
       295.0000       310.5805       310.6330
       296.0000       311.6304       311.6830
       297.0000       312.6804       312.7340
       298.0000       313.7303       313.7840
       299.0000       314.7803       314.8340
       300.0000       315.8302       315.8850
       301.0000       316.8801       316.9350
       302.0000       317.9301       317.9860
       303.0000       318.9800       319.0360
       304.0000       320.0300       320.0870
       305.0000       321.0799       321.1370
       306.0000       322.1299       322.1880
       307.0000       323.1798       323.2380
       308.0000       324.2298       324.2890
       309.0000       325.2797       325.3390
       310.0000       326.3297       326.3900
       311.0000       327.3796       327.4410
       312.0000       328.4295       328.4910
       313.0000       329.4795       329.5420
       314.0000       330.5294       330.5930
       315.0000       331.5794       331.6430
       316.0000       332.6293       332.6940
       317.0000       333.6793       333.7450
       318.0000       334.7292       334.7950
       319.0000       335.7792       335.8460
       320.0000       336.8291       336.8970
       321.0000       337.8791       337.9480
       322.0000       338.9290       338.9980
       323.0000       339.9789       340.0490
       324.0000       341.0289       341.1000
       325.0000       342.0788       342.1510
       326.0000       343.1288       343.2020
       327.0000       344.1787       344.2530
       328.0000       345.2287       345.3030
       329.0000       346.2786       346.3540
       330.0000       347.3286       347.4050
       331.0000       348.3785       348.4560
       332.0000       349.4285       349.5070
       333.0000       350.4784       350.5580
       334.0000       351.5283       351.6090
       335.0000       352.5783       352.6600
       336.0000       353.6282       353.7110
       337.0000       354.6782       354.7620
       338.0000       355.7281       355.8130
       339.0000       356.7781       356.8640
       340.0000       357.8280       357.9150
       341.0000       358.8780       358.9660
       342.0000       359.9279       360.0170
       343.0000       360.9779       361.0690
       344.0000       362.0278       362.1200
       345.0000       363.0778       363.1710
       346.0000       364.1277       364.2220
       347.0000       365.1776       365.2730
       348.0000       366.2276       366.3240
       349.0000       367.2775       367.3760
       350.0000       368.3275       368.4270
