NO+_46
       150.0000       158.3799       158.3930
       151.0000       159.4293       159.4430
       152.0000       160.4787       160.4930
       153.0000       161.5280       161.5420
       154.0000       162.5774       162.5920
       155.0000       163.6268       163.6420
       156.0000       164.6761       164.6910
       157.0000       165.7255       165.7410
       158.0000       166.7749       166.7910
       159.0000       167.8243       167.8400
       160.0000       168.8736       168.8900
       161.0000       169.9230       169.9400
       162.0000       170.9724       170.9890
       163.0000       172.0218       172.0390
       164.0000       173.0711       173.0880
       165.0000       174.1205       174.1380
       166.0000       175.1699       175.1870
       167.0000       176.2192       176.2370
       168.0000       177.2686       177.2860
       169.0000       178.3180       178.3360
       170.0000       179.3674       179.3850
       171.0000       180.4167       180.4350
       172.0000       181.4661       181.4850
       173.0000       182.5155       182.5340
       174.0000       183.5648       183.5840
       175.0000       184.6142       184.6330
       176.0000       185.6636       185.6830
       177.0000       186.7130       186.7330
       178.0000       187.7623       187.7820
       179.0000       188.8117       188.8320
       180.0000       189.8611       189.8820
       181.0000       190.9105       190.9310
       182.0000       191.9598       191.9810
       183.0000       193.0092       193.0310
       184.0000       194.0586       194.0800
       185.0000       195.1079       195.1300
       186.0000       196.1573       196.1800
       187.0000       197.2067       197.2300
       188.0000       198.2561       198.2800
       189.0000       199.3054       199.3300
       190.0000       200.3548       200.3800
       191.0000       201.4042       201.4290
       192.0000       202.4535       202.4790
       193.0000       203.5029       203.5290
       194.0000       204.5523       204.5790
       195.0000       205.6017       205.6290
       196.0000       206.6510       206.6790
       197.0000       207.7004       207.7290
       198.0000       208.7498       208.7790
       199.0000       209.7991       209.8290
       200.0000       210.8485       210.8790
       201.0000       211.8979       211.9290
       202.0000       212.9473       212.9800
       203.0000       213.9966       214.0300
       204.0000       215.0460       215.0800
       205.0000       216.0954       216.1300
       206.0000       217.1448       217.1800
       207.0000       218.1941       218.2300
       208.0000       219.2435       219.2800
       209.0000       220.2929       220.3300
       210.0000       221.3422       221.3800
       211.0000       222.3916       222.4300
       212.0000       223.4410       223.4800
       213.0000       224.4904       224.5300
       214.0000       225.5397       225.5800
       215.0000       226.5891       226.6300
       216.0000       227.6385       227.6800
       217.0000       228.6878       228.7300
       218.0000       229.7372       229.7800
       219.0000       230.7866       230.8300
       220.0000       231.8360       231.8800
       221.0000       232.8853       232.9300
       222.0000       233.9347       233.9800
       223.0000       234.9841       235.0300
       224.0000       236.0335       236.0800
       225.0000       237.0828       237.1300
       226.0000       238.1323       238.1800
       227.0000       239.1817       239.2300
       228.0000       240.2312       240.2800
       229.0000       241.2806       241.3300
       230.0000       242.3300       242.3800
       231.0000       243.3795       243.4300
       232.0000       244.4289       244.4800
       233.0000       245.4784       245.5300
       234.0000       246.5278       246.5800
       235.0000       247.5773       247.6300
       236.0000       248.6267       248.6800
       237.0000       249.6761       249.7300
       238.0000       250.7256       250.7800
       239.0000       251.7750       251.8300
       240.0000       252.8245       252.8800
       241.0000       253.8739       253.9300
       242.0000       254.9234       254.9800
       243.0000       255.9728       256.0300
       244.0000       257.0223       257.0800
       245.0000       258.0717       258.1300
       246.0000       259.1211       259.1800
       247.0000       260.1706       260.2300
       248.0000       261.2200       261.2800
       249.0000       262.2695       262.3300
       250.0000       263.3189       263.3800
       251.0000       264.3684       264.4300
       252.0000       265.4178       265.4800
       253.0000       266.4673       266.5300
       254.0000       267.5167       267.5800
       255.0000       268.5661       268.6300
       256.0000       269.6156       269.6800
       257.0000       270.6650       270.7300
       258.0000       271.7145       271.7800
       259.0000       272.7639       272.8300
       260.0000       273.8134       273.8800
       261.0000       274.8628       274.9300
       262.0000       275.9122       275.9800
       263.0000       276.9617       277.0300
       264.0000       278.0111       278.0800
       265.0000       279.0606       279.1300
       266.0000       280.1100       280.1800
       267.0000       281.1595       281.2300
       268.0000       282.2089       282.2800
       269.0000       283.2584       283.3290
       270.0000       284.3078       284.3790
       271.0000       285.3572       285.4290
       272.0000       286.4067       286.4790
       273.0000       287.4561       287.5290
       274.0000       288.5056       288.5790
       275.0000       289.5550       289.6290
       276.0000       290.6045       290.6790
       277.0000       291.6539       291.7290
       278.0000       292.7033       292.7790
       279.0000       293.7528       293.8290
       280.0000       294.8022       294.8800
       281.0000       295.8517       295.9300
       282.0000       296.9011       296.9800
       283.0000       297.9506       298.0300
       284.0000       299.0000       299.0800
       285.0000       300.0495       300.1300
       286.0000       301.0989       301.1800
       287.0000       302.1483       302.2300
       288.0000       303.1978       303.2810
       289.0000       304.2472       304.3310
       290.0000       305.2967       305.3810
       291.0000       306.3461       306.4310
       292.0000       307.3956       307.4820
       293.0000       308.4450       308.5320
       294.0000       309.4944       309.5820
       295.0000       310.5439       310.6330
       296.0000       311.5933       311.6830
       297.0000       312.6428       312.7340
       298.0000       313.6922       313.7840
       299.0000       314.7417       314.8340
       300.0000       315.7911       315.8850
       301.0000       316.8406       316.9350
       302.0000       317.8900       317.9860
       303.0000       318.9394       319.0360
       304.0000       319.9889       320.0870
       305.0000       321.0383       321.1370
       306.0000       322.0878       322.1880
       307.0000       323.1372       323.2380
       308.0000       324.1867       324.2890
       309.0000       325.2361       325.3390
       310.0000       326.2855       326.3900
       311.0000       327.3350       327.4410
       312.0000       328.3844       328.4910
       313.0000       329.4339       329.5420
       314.0000       330.4833       330.5930
       315.0000       331.5328       331.6430
       316.0000       332.5822       332.6940
       317.0000       333.6317       333.7450
       318.0000       334.6811       334.7950
       319.0000       335.7305       335.8460
       320.0000       336.7800       336.8970
       321.0000       337.8294       337.9480
       322.0000       338.8789       338.9980
       323.0000       339.9283       340.0490
       324.0000       340.9778       341.1000
       325.0000       342.0272       342.1510
       326.0000       343.0766       343.2020
       327.0000       344.1261       344.2530
       328.0000       345.1755       345.3030
       329.0000       346.2250       346.3540
       330.0000       347.2744       347.4050
       331.0000       348.3239       348.4560
       332.0000       349.3733       349.5070
       333.0000       350.4228       350.5580
       334.0000       351.4722       351.6090
       335.0000       352.5216       352.6600
       336.0000       353.5711       353.7110
       337.0000       354.6205       354.7620
       338.0000       355.6700       355.8130
       339.0000       356.7194       356.8640
       340.0000       357.7689       357.9150
       341.0000       358.8183       358.9660
       342.0000       359.8677       360.0170
       343.0000       360.9172       361.0690
       344.0000       361.9666       362.1200
       345.0000       363.0161       363.1710
       346.0000       364.0655       364.2220
       347.0000       365.1150       365.2730
       348.0000       366.1644       366.3240
       349.0000       367.2139       367.3760
       350.0000       368.2633       368.4270
