amb: [
[-50.36496531109023 0 0 0 0 0 0 0]
[0 -9.836056418834861 0 0 0 0 0 0]
[0 0 -4.215251034632956 0 0 0 0 0]
[0 0 0 -2.44928343043177 0 0 0 0]
[0 0 0 0 -1.6899961587928178 0 0 0]
[0 0 0 0 0 -1.3110177056872192 0 0]
[0 0 0 0 0 0 -1.113172659000729 0]
[0 0 0 0 0 0 0 -1.0202572815294846]
]
apb: [
[-50.36496531109023 0 0 0 0 0 0 0]
[0 -9.836056418834861 0 0 0 0 0 0]
[0 0 -4.215251034632956 0 0 0 0 0]
[0 0 0 -2.44928343043177 0 0 0 0]
[0 0 0 0 -1.6899961587928178 0 0 0]
[0 0 0 0 0 -1.3110177056872192 0 0]
[0 0 0 0 0 0 -1.113172659000729 0]
[0 0 0 0 0 0 0 -1.0202572815294846]
]

