0.000 0.20914384278019801
1.000 0.20910037346316962
2.000 0.20914689487206722
3.000 0.20919054734999995
4.000 0.20917436895292207
5.000 0.20923224780776339
6.000 0.20908330424472571
7.000 0.20905740340677967
8.000 0.20919751046239557
9.000 0.20919364866131432
10.000 0.20918620273491956
11.000 0.20913667003478256
12.000 0.20917639919069297
13.000 0.20905714736470588
14.000 0.2091561149616438
15.000 0.20913988880952381
16.000 0.20916045320370369
17.000 0.20917658561637931
18.000 0.20912040675187971
19.000 0.20917766014577263
20.000 0.20916874867118643
21.000 0.20919026549112421
22.000 0.20909574139449541
23.000 0.20919615299199998
24.000 0.20925620587980173
25.000 0.20912767583453232
27.500 0.20914481731669263
30.000 0.20915064099850744
32.500 0.20918486297872335
35.000 0.20912278547655067
37.500 0.20920278643644066
40.000 0.20914620251470589
42.500 0.2091554508467742
45.000 0.20922065723076924
47.500 0.20911604106865669
50.000 0.20916371182978721
55.000 0.2092339005586592
60.000 0.20918789142013888
65.000 0.20915378973469384
70.000 0.20917324970704226
75.000 0.20916500439999999
80.000 0.20916610895999999
85.000 0.20019072380487801
90.000 0.19013799791304345
95.000 0.17891898278032789
